500
499
3 2
1218 1545
1270 1446
1836 602
798 1593
220 1518
369 1131
67 1389
276 185
214 1348
1466 46
1250 1703
832 1321
348 651
884 1173
1574 480
270 699
556 744
925 1778
1994 576
145 1751
112 1640
1392 440
550 293
1427 1682
536 1309
401 1120
1487 1539
129 1680
1077 1852
55 617
1387 1698
1996 1036
1648 1906
730 735
380 487
910 1368
974 1747
1719 1529
412 437
511 1675
680 381
1680 1929
177 294
889 255
683 1806
1041 755
1032 1044
207 450
1102 314
295 746
967 975
1328 389
27 391
1440 1970
20 481
828 1279
65 463
1916 1674
75 526
1576 104
1221 303
463 1695
1133 1006
1769 824
173 234
643 1936
125 1110
792 1595
1448 1267
922 1965
869 1936
108 1559
1019 204
1492 1739
993 1003
1307 1036
597 1044
507 261
905 1821
831 1105
1798 954
512 658
1955 645
1369 1024
1505 765
1820 1597
105 1900
1293 1668
1010 1402
1304 572
1033 369
210 1040
1127 740
1873 1505
1488 1833
63 1359
1839 203
1227 1796
178 1681
1976 1770
911 406
1433 437
998 1454
1357 1996
197 1387
1152 417
405 1716
1553 1336
785 394
58 1987
1769 542
1500 1578
168 474
1413 1637
982 729
84 624
457 1956
1077 1064
762 851
807 1407
567 1628
129 1337
84 1146
1324 1636
239 1987
338 715
918 920
1718 1360
861 799
347 1466
1157 281
340 1993
1422 1597
1585 1043
1001 1755
85 221
1180 810
81 824
797 1114
820 795
1205 1490
486 1503
1027 24
1896 606
749 231
968 1484
443 1633
1152 1618
653 418
1616 30
1132 661
1668 922
1912 1446
938 501
1832 1228
664 1697
1329 1661
23 208
1909 608
373 924
1869 1832
706 1966
66 1694
323 1911
718 1148
1443 870
1831 945
798 323
1456 1817
1601 848
109 1619
1628 101
567 41
1 794
786 1219
1969 267
1187 1112
1018 284
1933 1042
1142 815
1956 633
411 1601
959 1974
755 789
680 1238
642 1098
154 924
534 942
1953 1295
407 660
627 533
319 1014
1875 1071
1315 1383
405 1182
1795 1311
280 798
274 484
1928 845
1115 1903
631 1475
1054 1738
214 1067
412 463
839 94
1290 420
1526 70
1752 1269
1851 1134
1726 1604
1424 390
266 651
1796 1659
985 264
1084 1169
1642 1490
1817 1266
1666 1994
842 1618
626 990
1327 282
1861 1717
1181 1540
1364 1293
1849 1734
337 1256
802 756
156 666
1200 1561
802 1198
500 1525
315 891
1903 748
114 1509
422 457
1385 233
1785 939
498 958
939 1287
15 1279
972 578
779 89
1160 454
1731 272
1981 1712
889 1384
1936 510
1509 1483
1150 1764
491 1767
1782 1001
1620 148
725 1663
20 1572
54 1755
669 1883
777 1194
854 1550
1250 1737
1988 435
1900 1568
946 896
1574 1470
659 731
5 1891
819 1269
1905 1710
428 1871
993 1821
1709 1931
1338 1049
234 1856
1461 967
1136 365
1764 872
249 408
1900 665
484 592
847 1586
936 1300
903 1876
1929 1114
720 1161
1563 59
1464 1348
489 984
747 928
158 662
1480 580
111 997
1463 413
1018 31
1194 1695
289 1384
556 1929
432 869
1516 484
618 584
687 1792
1590 796
1181 1260
374 530
847 1709
523 1704
953 31
347 1333
378 1981
1160 1379
1415 1029
1851 1338
1726 372
446 1033
949 1721
1367 1650
1719 990
161 47
1832 333
1357 482
1194 1865
115 72
1858 482
117 880
1842 8
591 1358
570 1003
336 1962
790 233
1388 107
1350 1095
867 983
1914 654
1579 1849
1224 1383
1317 206
692 1326
838 389
1069 1840
1594 1687
1194 1349
1015 315
1714 1605
954 685
1413 1424
1974 992
517 1195
620 272
230 1862
104 573
1142 1065
266 608
370 989
404 1366
1312 1179
683 551
634 345
468 308
1979 1580
489 1682
1078 8
990 1559
806 1655
195 190
796 1221
1005 1967
1554 1172
1874 630
32 311
957 1513
287 923
239 320
1662 335
394 1395
1927 1423
1893 579
389 709
1440 320
815 1784
734 220
1423 1864
492 1513
167 984
444 201
1561 1738
72 1152
1311 1603
825 964
563 589
1289 1977
360 1427
1004 519
1083 547
1836 726
658 1710
518 1290
1642 725
842 1070
1147 1609
341 1322
211 256
1358 385
1705 1675
689 1285
961 994
1855 1055
517 1504
1235 132
1493 1827
356 1712
1961 1805
1676 1596
1692 457
511 81
383 651
114 1069
1737 249
84 1187
1478 1551
1181 120
1852 404
626 1577
112 1846
1850 57
1833 33
996 1699
117 1742
737 1346
395 428
925 275
1378 396
1449 687
1764 1208
122 435
1801 122
1405 1917
1499 539
795 1128
1948 365
213 779
1927 162
666 52
122 510
1343 927
1218 1012
312 1600
1704 1781
328 672
792 1020
755 532
665 1000
993 1859
1071 42
87 1100
458 1927
413 165
349 1475
1283 1576
410 12
1458 645
209 1751
1660 391
927 1140
587 1711
866 463
1507 461
221 29
1184 493
1339 426
1754 1270
1714 205
755 1532
1957 614
343 1243
1700 782
1407 1945
480 1278
1625 1489
216 495
78 379
646 1183
1636 901
176 231
994 670
915 307
219 540
86 1249
1909 1007
1609 808
646 138
1655 1768
890 195
628 1826
375 1495
354 1636
894 761
585 1771
166 199
996 251
1541 1268
644 1474
1751 429
758 790
1122 763
1100 767
836 799
904 799
939 797
1097 776
848 819
1017 792
1037 791
753 858
865 836
888 836
831 852
920 833
881 845
1112 788
974 823
1210 764
801 891
782 906
1151 789
972 852
863 893
1008 846
856 904
848 921
1053 838
836 940
1160 799
869 939
805 984
1033 872
921 942
786 1038
874 987
782 1047
1058 879
872 1001
839 1028
975 940
780 1072
870 1019
767 1097
951 970
1069 888
799 1081
973 969
801 1098
779 1115
919 1012
779 1121
854 1084
967 993
870 1076
1166 835
839 1119
833 1129
1054 944
792 1190
837 1153
920 1077
1176 837
899 1103
771 1253
769 1260
839 1190
945 1082
1058 966
1133 892
900 1139
916 1128
1129 899
816 1241
945 1102
1158 871
798 1279
1093 951
774 1333
783 1327
818 1288
847 1255
851 1261
880 1256
875 1265
864 1281
765 1416
1051 1038
949 1179
771 1447
755 1473
894 1277
765 1460
996 1135
870 1323
938 1226
799 1437
919 1262
780 1469
1139 940
1138 942
1023 1114
1027 1114
816 1453
990 1191
1026 1135
765 1575
960 1258
953 1275
944 1292
963 1261
1157 936
1039 1137
967 1267
764 1625
820 1529
866 1451
845 1492
996 1227
918 1366
772 1637
1039 1163
841 1521
762 1664
936 1350
985 1265
906 1412
1002 1239
978 1285
1014 1219
859 1529
781 1689
982 1302
1121 1036
1057 1162
920 1440
1031 1227
888 1518
849 1600
906 1491
922 1468
891 1539
1027 1256
1089 1126
888 1552
879 1578
998 1326
812 1727
878 1599
918 1521
1056 1218
1148 1018
848 1709
841 1732
941 1504
934 1527
993 1393
939 1553
1045 1296
1135 1080
982 1480
1013 1401
1010 1418
1083 1229
907 1690
1069 1269
959 1562
1055 1314
1034 1380
901 1742
907 1734
915 1719
1127 1149
1074 1307
980 1601
1014 1517
1162 1071
1238 842
976 1663
1203 953
1073 1378
1197 984
1046 1489
1117 1276
1144 1185
1168 1104
1156 1148
1167 1113
998 1723
1104 1360
1107 1362
1087 1441
1118 1324
1152 1207
1096 1433
1022 1734
1073 1561
1090 1507
1059 1646
1231 919
1092 1570
1066 1717
1084 1659
1078 1696
1170 1243
1127 1465
1093 1658
1165 1294
1206 1082
1139 1443
1147 1426
1223 1009
1119 1612
1151 1429
1139 1502
1176 1302
1124 1619
1185 1273
1160 1455
1144 1565
1167 1442
1188 1310
1217 1110
1174 1427
1149 1651
1195 1333
1215 1189
1201 1315
1186 1481
1190 1456
1171 1701
1190 1515
1198 1444
1208 1357
1221 1253
1188 1681
1246 1008
1210 1679
1238 1242
1229 1415
1220 1613
1230 1487
1249 1128
1248 1186
1243 1341
1256 1047
1262 914
1235 1684
1263 891
1245 1503
1254 1433
1256 1367
1256 1454
1261 1323
1260 1536
1267 851
1260 1566
1260 1602
1264 1446
1267 1067
1267 1486
1268 1250
1272 1442
1273 1397
1284 1489
1285 1496
1296 1654
1299 1472
1291 1271
1309 1671
1295 1342
1284 1091
1318 1726
1279 962
1319 1582
1303 1219
1337 1671
1321 1456
1317 1383
1286 976
1332 1473
1323 1369
1346 1555
1321 1273
1328 1321
1315 1191
1325 1284
1310 1143
1355 1498
1319 1167
1372 1500
1370 1432
1362 1378
1340 1215
1391 1544
1374 1407
1422 1704
1384 1431
1347 1209
1386 1416
1373 1341
1366 1294
1386 1400
1403 1486
1389 1390
1367 1267
1439 1643
1358 1210
1393 1365
1409 1440
1327 1026
1451 1591
1353 1134
1291 853
1471 1661
1493 1748
1463 1606
1498 1741
1497 1736
1495 1722
1323 984
1409 1346
1451 1519
1284 816
1463 1510
1524 1743
1512 1696
1424 1351
1411 1299
1420 1331
1511 1679
1409 1281
1372 1127
1520 1663
1389 1173
1444 1325
1459 1361
1561 1658
1449 1302
1503 1455
1577 1676
1539 1555
1603 1725
1561 1573
1566 1574
1472 1305
1617 1668
1625 1686
1535 1446
1519 1403
1509 1365
1518 1387
1358 974
1625 1638
1386 1042
1541 1419
1305 839
1517 1348
1470 1232
1562 1449
1487 1269
1677 1720
1518 1341
1449 1175
1584 1492
1639 1614
1477 1226
1332 895
1586 1458
1625 1538
1612 1508
1517 1298
1660 1612
1489 1234
1620 1520
1695 1665
1533 1317
1354 933
1706 1675
1682 1621
1524 1279
1502 1224
1698 1612
1710 1636
1592 1379
1592 1374
1633 1451
1727 1630
1700 1577
1518 1225
1366 934
1407 1009
1519 1217
1566 1297
1669 1479
1318 840
1717 1551
1398 981
1747 1596
1445 1060
1572 1279
1724 1531
1467 1081
1616 1325
1527 1176
1512 1149
1406 972
1373 917
1525 1151
1609 1278
1697 1407
1717 1423
1671 1348
1640 1288
1749 1442
1544 1141
1478 1046
1675 1319
1690 1340
1380 904
1735 1387
1699 1332
1641 1250
1532 1100
1703 1327
1461 1005
1521 1083
1686 1290
1518 1068
1697 1293
1486 1023
1571 1120
1726 1302
1394 899
1426 926
1388 880
1651 1159
1743 1257
1724 1234
1666 1170
1522 1016
1647 1145
1701 1194
1736 1229
1416 894
1612 1080
1697 1147
1514 968
1673 1106
1428 890
1334 807
1673 1102
1703 1128
1555 999
1495 945
1540 983
1669 1092
1648 1068
1704 1107
1537 947
1569 963
1689 1041
1608 982
1513 916
1558 946
1457 871
1601 963
1631 962
1724 1007
1556 911
1744 1006
1719 982
1567 901
1683 957
1611 915
1731 968
1542 870
1734 938
1697 921
1383 792
1730 899
1651 871
1723 874
1480 806
1505 811
1646 847
1706 859
1739 860
1450 784
1486 788
1497 788
1722 823
1654 802
1452 773
1639 794
1670 781
1712 777
1676 768
1634 759
